Mol        N1^3    N2^3    N3^3     dG1                 dG2                 dG3
1A2S       65      129     257      -2.010551058136E+03 -1.956100999458E+03 -1.931207845056E+03
1A63       129     257     513      -2.446020323453E+03 -2.384446611206E+03 -2.358802505441E+03
1A7M       129     257     513      -2.284228984457E+03 -2.234817295380E+03 -2.212358352995E+03
1AJJ       65      129     257      -1.162520927818E+03 -1.128325679201E+03 -1.118010834040E+03
1F6W       129     257     513      -5.690095710364E+03 -5.493762703651E+03 -5.409155328977E+03
1R69       97      193     385      -1.139169440197E+03 -1.115014828856E+03 -1.103258943343E+03
1SVR       97      193     385      -1.733047926690E+03 -1.682618134662E+03 -1.661467955242E+03
1VJW       97      193     385      -1.281298269953E+03 -1.260883262359E+03 -1.251325289235E+03
5PTI       97      193     385      -1.352131703576E+03 -1.322067758554E+03 -1.310833521686E+03
